0.862099497	0.938267273	0.927023476	0.150311369	0.826791302	4.983138561	3.603163711	4.688639804	9.582355673	9.169177488	5.152844709	14.93158138	42.69438964	162.7648507	0.595831154	0.832129924	0.094935796	0.097124866	0.10675028	0.530398591	0.791310179	0.409069681	4.942305873	2.365800803	9.590047886	0.862630869	0.977356577	4.351146438	7.256028205	6.519021812	53.37731266	32.10637087	68.1545971	13.4634388	11.51782552	13.7690956	14.57292562	1415.397064	0.067022868	51.46852956
0.894186924	0.893585042	0.916928744	0.125456544	0.809412849	8.885509631	6.400737388	5.906610441	1.810255294	6.890105839	8.075131095	4.820585724	60.8588994	379.6603888	0.933374678	0.737243541	0.096426746	0.079601864	0.417153295	0.148404772	0.967242881	0.352250726	1.255651459	1.941086717	9.868488443	0.646471834	0.519192432	3.123101743	5.624400375	7.058204885	53.47527388	33.07044992	68.71723934	10.52432411	12.73613522	13.41944785	14.71459618	1361.026937	0.124050913	56.94503251
0.933385368	0.902726196	0.815966009	0.069763551	0.855351491	1.529876413	3.697676739	3.499376634	4.32196829	7.401177998	1.548804359	10.85164895	73.22447014	187.1119347	0.846594972	0.213016302	0.01640636	0.011058993	0.90225584	0.497137347	0.456402032	0.263118849	4.493115573	3.309783808	9.754884296	0.729692296	0.920344033	2.28907069	6.831028046	5.436424298	55.49799269	34.43217105	68.64485998	12.20787384	11.36257937	14.22976554	13.51698949	1347.454994	0.089439494	71.57254377
0.912598883	0.869562982	0.941228985	0.064497762	0.942914421	3.299679434	4.970027687	3.946493661	2.036662487	1.509133964	5.990002669	14.62972026	39.65275484	567.4971688	0.549856558	0.79888655	0.024053232	0.058874552	0.689629519	0.98104635	0.94967829	0.455585586	2.815486863	4.370403298	9.378974888	0.61587587	0.856948451	4.56565152	9.831992723	7.302445117	55.15631564	35.20105075	67.5840377	11.49790101	12.85594515	14.15053117	11.11346041	1297.879533	0.112536691	34.43321174
0.868463738	0.835133095	0.835508108	0.195264531	0.948512979	6.221137823	5.387186463	8.125880663	1.18496124	5.781312514	1.358793184	10.34996608	62.9461676	557.3139944	0.690942758	0.557605265	0.068561702	0.08063363	0.348041244	0.402045071	0.753002725	0.811427042	2.958340987	4.844696819	9.73741003	0.883056187	0.54940761	6.781058657	8.719912963	9.450873581	56.85204168	30.96725213	69.14027863	11.41046954	13.81358548	13.02148969	13.85272281	1307.725898	0.089176511	25.83731497
0.917565625	0.888681171	0.870409031	0.171956594	0.832948251	5.185377653	4.329163588	1.360420302	1.703711501	5.601774475	2.880099505	8.083901821	20.08716915	887.6343224	0.961938648	0.136268225	0.041632956	0.037012953	0.193584515	0.709051505	0.394544229	0.69106171	1.534200431	4.200437215	8.212169951	0.945286093	0.875621444	2.379800592	9.427098927	5.01622326	53.00953151	30.30000372	69.74214717	12.46024957	12.62329441	11.7824308	12.71341922	1378.937896	0.094142151	12.65647172
0.904630052	0.801214046	0.890609375	0.144160325	0.849652514	3.997218852	3.089409849	3.016143992	5.093365778	6.378267831	9.0130902	12.11092516	68.46571105	943.9600887	0.126707122	0.170878826	0.044338917	0.033793408	0.912590398	0.273514075	0.773825968	0.132926827	3.049248757	3.87566122	11.97361468	0.583323488	0.76000923	4.620920535	7.75910367	6.011478703	56.18955443	30.91178708	67.33140653	12.80559248	14.97292976	10.1852807	12.95319061	1359.46874	0.120382966	40.9151499
0.896352883	0.819330369	0.802241757	0.092832298	0.887940599	7.039886859	9.368296087	1.018433402	6.349416243	7.961733053	7.873203757	1.961365047	52.84740768	842.8291158	0.674820143	0.651840639	0.064075876	0.002231296	0.293429895	0.922799	0.684176349	0.438908998	4.246404199	3.442258299	7.790358877	0.824434365	0.551448336	2.236250349	8.864174554	6.750078449	54.55158565	35.72268711	67.36436484	12.08381326	13.90676743	13.73629674	11.30442029	1417.161569	0.121875465	4.250107132
0.820018671	0.935824104	0.884780027	0.169525126	0.872181229	7.53631258	7.650968958	6.229970165	3.522100053	5.383134713	7.343956862	7.694328753	96.58261244	564.8872381	0.897034959	0.459925234	0.058566424	0.004413951	0.644563077	0.953487319	0.108501599	0.720435267	2.760129754	2.59042044	8.991704133	0.97420505	0.558065485	2.483182994	9.060499915	8.802267836	55.51418852	32.06935555	65.02601747	10.13757815	14.73799042	13.6942902	11.07319079	1304.247844	0.065495246	81.29195406
0.805564759	0.937622533	0.914670688	0.05599044	0.920101407	9.444082462	6.355908482	6.629746785	2.479440695	1.816144011	2.504789632	5.249410029	114.4067734	808.3590837	0.104807768	0.746794724	0.081874045	0.003760425	0.145455898	0.209828712	0.669270341	0.284670015	4.196715966	3.515664844	10.35043651	0.57662532	0.577888626	4.800475131	5.591863446	5.660931486	55.78254565	30.10491446	65.62186652	12.72787112	13.66518435	13.99922522	12.08451139	1379.977886	0.092279499	81.96368067
0.823265925	0.801887455	0.882386988	0.130896525	0.895436397	3.599395321	4.855681423	2.919889077	4.368841821	2.224547249	6.1438348	11.82247167	84.22311994	500.9190376	0.435071084	0.82542754	0.007474532	0.077659416	0.832137963	0.692967728	0.354421781	0.927138772	1.088689524	3.791815713	7.337490815	0.897497837	0.544958908	6.603071125	5.912862412	5.457846293	57.59843952	33.26164092	65.76022396	12.04695887	11.63462904	13.16089117	14.28763086	1286.18615	0.096975331	88.69688466
0.829172621	0.855858405	0.808585079	0.084065377	0.822668732	2.483511024	3.854953034	9.741534071	3.886997476	4.44325163	1.12270763	9.181993779	33.44254748	479.4665724	0.776114343	0.575332883	0.088510123	0.055162831	0.981869272	0.288694305	0.633750506	0.872973616	3.360056799	1.448108146	10.99541683	0.612978777	0.63385774	5.508249782	6.70521871	6.260986971	54.2193875	35.35723634	65.43530249	10.17517329	10.75733458	13.37081974	12.79322043	1315.085129	0.092123942	74.62072428
0.802331782	0.882203307	0.859578689	0.107671903	0.861609349	2.36322944	3.412408005	9.892673151	6.073693724	5.431164613	1.695757805	10.68192781	65.84238393	927.0901722	0.227425939	0.842721637	0.066794313	0.028766558	0.696785452	0.541553501	0.776762617	0.72721933	4.30382676	4.509113297	10.43649241	0.741011091	0.580262517	4.794577203	8.087499041	8.950184353	53.42751061	30.68071796	66.11484803	14.33026558	12.41819144	14.75950522	10.68042391	1395.554555	0.078517984	77.43426657
0.844808778	0.842998445	0.935876584	0.137338364	0.885530943	5.056298787	5.541148807	1.606873462	4.629331978	4.838607416	3.797455759	10.1061624	79.96315687	468.8724838	0.758059901	0.401317107	0.077562776	0.087872651	0.570518342	0.62072985	0.511986644	0.969754452	1.591380925	3.67163705	8.012370257	0.851225199	0.947244611	6.418170819	9.697907455	6.98679032	57.64764611	30.81264693	67.23472294	10.66780285	14.23227958	12.7767517	12.50322654	1314.133667	0.06309393	82.81651436
0.933899194	0.825220632	0.833134359	0.142706768	0.837885687	7.279431685	1.480433707	2.689304085	4.984587544	6.273467098	6.908487195	3.219863872	97.34034207	889.5858242	0.385883096	0.418996173	0.057930617	0.073880529	0.411917799	0.624346051	0.985895318	0.828967147	2.594381653	1.296777728	8.095819958	0.759029751	0.942187493	3.06924798	8.698734264	8.467981026	56.06112078	33.70623889	65.07939795	14.90551724	12.12857564	11.98882904	14.60955027	1344.603203	0.10811285	40.09870219
0.920077581	0.947243951	0.851968375	0.080509605	0.870345904	8.28880269	9.662986792	6.421092467	9.264355385	1.551052828	6.063527439	14.24091517	99.66019463	542.7605927	0.633569135	0.924091805	0.035070165	0.046256043	0.577478342	0.368497758	0.55416269	0.776076422	1.325673784	3.613911333	11.05829101	0.832478615	0.964365339	2.059344172	9.782088602	7.613244215	53.55262823	34.45601353	66.44480717	14.68767068	10.41413078	13.86573275	13.71933052	1410.213869	0.119991939	63.42568121
0.878327067	0.904692855	0.861496837	0.188458915	0.811269841	2.33032691	7.3327101	7.199181716	7.309496857	5.517270754	5.305575079	12.26542613	85.4433819	652.0225557	0.504720327	0.191532781	0.005903706	0.054310104	0.6849672	0.252810324	0.466117765	0.111631431	1.980703085	1.413099253	11.33203286	0.590971228	0.589387893	6.218111478	6.646970268	5.39594467	54.60336104	35.82358901	69.17529834	10.81315817	10.23227526	11.33537363	14.52824473	1368.140019	0.116332912	0.465595687
0.899796347	0.829662405	0.814430686	0.058744017	0.842131682	3.509427366	1.595072564	4.315807307	7.629599646	1.729535246	1.475754236	1.072092774	23.23101792	608.506164	0.198279328	0.107692355	0.039651956	0.076793786	0.598103851	0.477782831	0.930789101	0.565439598	4.801646434	3.256271828	7.483193085	0.944493044	0.595459945	4.899256315	5.733031154	9.033257902	57.7503496	32.6729915	66.55169336	12.87449951	13.49009613	10.30114151	10.9296961	1385.556837	0.072536595	17.9150457
0.827493098	0.862351641	0.947189631	0.053972522	0.903216628	2.200382433	8.618674447	1.336645786	5.564631385	8.841714273	9.494959252	12.77269465	32.62749767	702.2763525	0.904330535	0.440170879	0.04788087	0.033534496	0.517872853	0.190070676	0.601702502	0.635631529	3.25234619	2.634305658	10.72954257	0.77368907	0.908651153	4.149088522	5.674435038	6.69597202	56.94031893	32.82624446	65.5582052	12.76681801	11.97220774	10.58717907	14.97955748	1403.541942	0.079017951	18.00640324
0.873651095	0.814634293	0.910674916	0.135720098	0.848309512	4.742258603	8.255467178	3.73547912	1.123004723	3.074027221	3.165364904	14.15661174	71.85655993	953.2238668	0.620853574	0.293342181	0.029547149	0.086930161	0.238536436	0.570255161	0.4303444	0.213283787	2.748878423	1.527134093	7.096810738	0.532483742	0.951081377	5.644694574	6.859952475	7.837555384	56.81894299	30.29152264	65.24664693	14.0396537	11.3255143	10.94914595	11.58456563	1340.397871	0.105236982	72.39309325
0.869877465	0.873396122	0.815448136	0.054557075	0.848862689	4.657976971	9.753029806	9.53559729	2.228694488	5.665478136	7.896921188	5.386597484	27.51172077	291.2764834	0.140569752	0.186164667	0.001241979	0.083545541	0.941987053	0.174003498	0.604405184	0.225831523	3.810277326	1.89946191	8.815937507	0.778430834	0.731929519	4.685197552	6.983340372	9.582572876	54.54512187	34.736048	68.04404701	10.16063483	11.97804187	14.59917031	10.06593827	1335.483349	0.123736153	65.4413328
0.917809348	0.860407614	0.810110103	0.175999705	0.944663029	8.512416866	2.79881568	1.114304148	4.59852412	4.726438503	7.759383709	10.76570552	27.41686723	318.1749066	0.102644701	0.293413452	0.085928232	0.081863539	0.205488732	0.298993953	0.456280712	0.351022507	1.134453357	1.058244169	7.372818187	0.59255117	0.883410691	2.428582933	7.127575939	8.100198006	56.39304114	30.09667219	66.7431816	12.67120979	14.2289496	14.17141845	14.46429973	1315.537356	0.115766336	58.66312075
0.887011166	0.806621931	0.947460285	0.105560946	0.817044803	6.859267707	2.696173219	8.067629873	8.10750202	4.909256179	2.139834582	12.18579761	48.29000957	719.2024388	0.839494863	0.485843676	0.00659965	0.00744671	0.4545668	0.64495787	0.13407704	0.66595128	1.899909276	1.77223743	8.22021056	0.642013818	0.935499403	6.038582199	9.957662426	7.747972908	53.09279158	30.53024305	69.57296317	12.01063416	14.60560127	12.421469	10.57505532	1288.747416	0.067178854	7.247319271
0.827675026	0.814609344	0.904554102	0.074309349	0.866129047	3.726309468	7.800687719	5.501038154	5.792557534	3.188763261	9.362583843	2.504691254	60.7663792	352.2291542	0.71094399	0.884973073	0.075188046	0.003149453	0.978141178	0.174853809	0.513161207	0.904107871	2.282401936	4.953813886	9.540186894	0.573402519	0.604389829	3.216100517	7.908305983	9.200617063	54.8450192	31.05980385	65.70008906	10.90206496	14.79722525	11.12658889	10.32317222	1380.296067	0.096032276	37.32297976
0.814162667	0.882930249	0.844594347	0.190244332	0.847097135	4.081678104	7.835444794	6.321215112	6.26385799	5.94854943	6.25001163	14.43075947	83.03990132	363.4991884	0.570660947	0.93265169	0.017011029	0.067664858	0.841619068	0.947191735	0.751596206	0.689713283	2.589147305	3.985379247	11.42925748	0.589196647	0.555529158	6.856160018	6.705603895	7.120206214	56.65283894	30.00315706	67.52431745	11.42133456	11.77387188	11.0173773	10.65496953	1403.208996	0.061010674	48.6494366
0.850356043	0.924745884	0.80312005	0.100920694	0.81340749	1.35013916	3.904666944	8.570162125	1.564054364	1.424816568	9.329057995	4.219744545	36.29957416	779.3774364	0.18742491	0.774835639	0.067753008	0.049314291	0.999072223	0.828269401	0.186434177	0.118935174	1.729597473	4.036108217	8.235770979	0.536783941	0.984857701	5.181192023	6.529407394	5.121621864	56.1815871	33.59617082	69.66336758	10.65578692	11.79628675	14.42534889	10.1852482	1410.974236	0.08638648	41.74369864
0.920695138	0.852140857	0.902981479	0.078169864	0.83483343	8.973544985	7.517246471	9.549659274	1.403841112	1.276824386	9.098358492	10.66412248	22.98676464	493.4039219	0.652200169	0.277517774	0.092704379	0.026094598	0.891859867	0.368024946	0.430798934	0.659269022	4.317524569	4.544092159	9.081343485	0.563826533	0.506581792	2.00496345	8.653371837	9.284618407	55.96227728	31.05546678	69.87865284	10.43755056	11.97744332	14.23994332	13.93544492	1296.353369	0.076738151	12.20693679
0.829998744	0.806275077	0.80900095	0.079194875	0.818663841	4.459482078	1.933833408	3.368593534	2.904634548	4.456118974	6.843194211	14.61605934	67.64500575	943.5328531	0.472057165	0.411928384	0.027009568	0.02663527	0.17156472	0.901323898	0.501215698	0.703911554	1.347005023	4.059530296	7.438961706	0.95928738	0.523113533	4.474200817	6.938833523	9.594397223	55.4640841	34.32289235	65.04015985	11.16038331	10.88137265	11.27463129	10.16452108	1323.119369	0.124554331	0.837289437
0.937542138	0.885465012	0.91727888	0.198881064	0.899688711	5.351142086	8.951592023	3.571097366	6.70117999	6.754871446	7.089562709	5.644343684	103.8008826	979.8590736	0.314449857	0.170793215	0.054549809	0.049097428	0.954656528	0.168393359	0.267919132	0.832811873	1.186446752	2.189010181	10.6905199	0.789203568	0.626474562	2.926063625	5.442432611	7.047078975	57.63874908	31.49674517	68.09588262	13.93563025	12.06448839	14.42700597	10.01379367	1328.105364	0.116439724	27.42574742
0.826100423	0.922049519	0.908501596	0.110910396	0.852498193	3.81389128	4.271301276	2.822014151	5.815372806	7.969091688	9.46346277	6.022778577	39.37066426	314.7529434	0.386594679	0.491597181	0.064863169	0.014727654	0.387275349	0.385093793	0.362225634	0.122577166	2.961939939	4.355325636	7.602055572	0.52551504	0.708646951	3.917000098	7.005083424	5.143655077	57.76914534	33.6376761	69.84994417	10.06095185	12.32951987	11.59469195	14.79437121	1364.969341	0.103258665	0.959074877
0.858697886	0.830966393	0.801996626	0.081207128	0.899809902	1.078460611	5.98118274	8.956871818	8.783192772	7.018980852	5.440908631	4.466721717	93.67258041	625.5153285	0.15845577	0.100358024	0.049920258	0.03150973	0.558373211	0.195373871	0.527741469	0.833269839	2.857698099	2.714480651	10.93066951	0.506574311	0.798396583	2.177744454	7.451020984	5.878192097	54.67544762	30.37594693	66.67812886	14.13127517	10.855476	14.30048271	11.35858038	1364.249589	0.123821963	22.7828274
0.84610368	0.921604942	0.8302553	0.059519573	0.941887596	7.192448006	9.000346911	5.727881529	1.534635427	5.066118688	6.53330864	12.01524902	52.80662298	836.142724	0.440250338	0.832295431	0.062937812	0.019311968	0.416368553	0.125360808	0.718373211	0.142600787	2.25868309	4.023540842	11.57502018	0.678464489	0.762488464	6.733183214	7.063542403	5.287577321	57.55608759	35.37028456	67.54497344	10.23923248	10.19899612	10.88540916	10.04429102	1417.241489	0.067989765	27.1588839
0.847446194	0.918889269	0.824768221	0.110321146	0.824885373	1.246599929	3.380058636	1.589884675	4.399329627	9.726920656	4.77791623	11.79063658	27.6741275	677.4876282	0.456593125	0.343171161	0.052401774	0.058093309	0.823587006	0.922837292	0.664858357	0.25297819	1.088382027	4.967146959	8.998992266	0.5183452	0.61370452	6.975169852	8.530422638	6.344982002	57.81481259	30.80809825	66.62514573	14.69570761	14.92631423	11.10368187	10.62316234	1373.174508	0.068877992	42.02989242
0.808299721	0.845721562	0.84759034	0.071758897	0.908181756	1.759233309	5.933869959	1.051107203	1.191128117	9.583526414	3.269453145	6.052788116	72.73860256	381.5173833	0.399092821	0.91151836	0.065982589	0.057686167	0.321467008	0.467922245	0.876234438	0.96283251	2.848487274	3.978759499	11.59465639	0.704225488	0.555802896	2.106184454	7.526648634	7.606426833	57.90625906	32.97999125	66.46645829	11.6563266	12.99303594	11.62377569	10.27227003	1389.143269	0.122676353	27.64328441
0.848548133	0.937775942	0.910745781	0.16981808	0.82675413	7.965321791	5.657119362	6.559561466	2.947224647	3.385259029	9.657168061	8.110506902	68.70983136	264.6510022	0.2957846	0.119017775	0.071053935	0.02349202	0.539664259	0.746248307	0.787784399	0.471299847	3.250926912	2.773547055	7.095654039	0.956572764	0.503763583	4.036468285	9.640787677	9.919590496	53.69909922	32.84766018	68.07693561	11.34012364	12.32325386	11.69813292	12.15405855	1282.797848	0.106875356	5.453765596
0.806409529	0.800970293	0.877154262	0.095776694	0.935587325	9.366141408	1.779884369	9.916828839	7.978133993	6.972349347	5.769244967	7.619671775	22.12080726	333.6070881	0.399702994	0.348430986	0.077408297	0.0969661	0.532047968	0.837304839	0.118800232	0.357495951	4.178051607	4.446460301	11.16074274	0.516615615	0.63101301	5.115974263	7.360362285	6.379095534	53.93680183	30.2468117	65.25759016	12.62598357	10.68902109	10.68042237	11.5809081	1336.215122	0.104363432	20.84809863
0.868916318	0.929569799	0.807861762	0.183627759	0.853987473	2.319986779	1.770803871	5.764882268	8.173431614	8.222855779	6.400316517	14.7543554	96.04523471	550.8720485	0.461623273	0.641991661	0.092296022	0.074215381	0.531450467	0.516294458	0.164957369	0.545416016	2.22070633	2.622094117	9.946009231	0.888635455	0.611745805	3.785043715	6.899071094	8.403533978	55.3967292	30.00746109	69.37725569	10.17626434	10.59769827	10.996594	10.2504126	1312.189465	0.098263073	0.185257655
0.915671695	0.904793299	0.947114103	0.058795499	0.939282101	5.643702559	4.790791807	4.799464003	5.712222248	7.560834741	8.935754412	3.209157486	23.41174309	668.9306895	0.426089049	0.527238507	0.086350923	0.007209149	0.209335474	0.663584682	0.967916019	0.228588353	3.284997162	2.200338931	7.249783822	0.896076496	0.732185795	5.955436438	9.855609043	6.090868167	54.09971306	32.4227567	67.54274114	10.17321377	14.89982461	11.17460903	12.44011068	1302.218973	0.083020159	34.82323823
0.810933028	0.810925319	0.939687978	0.115033479	0.92498623	2.842852745	6.465187404	4.77558953	8.031325445	5.445686403	7.472375848	10.2599648	36.11287644	618.7660421	0.493837746	0.217821928	0.083978821	0.0455103	0.117818182	0.307791627	0.309835698	0.272283669	2.581458673	3.721793147	9.211074212	0.559468693	0.779279396	5.062632853	9.676014404	7.689552709	54.15368712	35.55326966	68.13001365	11.5022483	14.2590276	11.15616976	10.97410352	1338.09721	0.128723445	18.30924669
0.894954996	0.93382873	0.824377477	0.083140371	0.939206488	1.125764015	8.331235249	9.878317834	1.276077656	3.938355138	1.236277708	10.70170443	97.99442005	647.395694	0.425382083	0.967015788	0.055102114	0.002094122	0.179869778	0.260357449	0.145966919	0.742277426	4.295092413	4.342302706	7.496319798	0.67583164	0.859420609	5.496878591	6.884608317	9.047857168	57.07890637	33.01647043	65.46972775	14.0462883	10.11390904	14.70499758	14.42392244	1381.072756	0.112729023	85.16399914
