0.862099497	0.938267273	0.927023476	0.150311369	0.826791302	4.983138561	3.603163711	4.688639804	9.582355673	9.169177488	5.152844709	14.93158138	42.69438964	162.7648507	0.595831154	0.832129924	0.094935796	0.097124866	0.10675028	0.530398591	0.791310179	0.409069681	4.942305873	2.365800803	9.590047886	0.862630869	0.977356577	4.351146438	7.256028205	6.519021812	53.37731266	32.10637087	68.1545971	13.4634388	11.51782552	13.7690956	14.57292562	1415.397064	0.067022868	51.46852956
0.894186924	0.893585042	0.916928744	0.125456544	0.809412849	8.885509631	6.400737388	5.906610441	1.810255294	6.890105839	8.075131095	4.820585724	60.8588994	379.6603888	0.933374678	0.737243541	0.096426746	0.079601864	0.417153295	0.148404772	0.967242881	0.352250726	1.255651459	1.941086717	9.868488443	0.646471834	0.519192432	3.123101743	5.624400375	7.058204885	53.47527388	33.07044992	68.71723934	10.52432411	12.73613522	13.41944785	14.71459618	1361.026937	0.124050913	56.94503251
0.933385368	0.902726196	0.815966009	0.069763551	0.855351491	1.529876413	3.697676739	3.499376634	4.32196829	7.401177998	1.548804359	10.85164895	73.22447014	187.1119347	0.846594972	0.213016302	0.01640636	0.011058993	0.90225584	0.497137347	0.456402032	0.263118849	4.493115573	3.309783808	9.754884296	0.729692296	0.920344033	2.28907069	6.831028046	5.436424298	55.49799269	34.43217105	68.64485998	12.20787384	11.36257937	14.22976554	13.51698949	1347.454994	0.089439494	71.57254377
0.912598883	0.869562982	0.941228985	0.064497762	0.942914421	3.299679434	4.970027687	3.946493661	2.036662487	1.509133964	5.990002669	14.62972026	39.65275484	567.4971688	0.549856558	0.79888655	0.024053232	0.058874552	0.689629519	0.98104635	0.94967829	0.455585586	2.815486863	4.370403298	9.378974888	0.61587587	0.856948451	4.56565152	9.831992723	7.302445117	55.15631564	35.20105075	67.5840377	11.49790101	12.85594515	14.15053117	11.11346041	1297.879533	0.112536691	34.43321174
0.868463738	0.835133095	0.835508108	0.195264531	0.948512979	6.221137823	5.387186463	8.125880663	1.18496124	5.781312514	1.358793184	10.34996608	62.9461676	557.3139944	0.690942758	0.557605265	0.068561702	0.08063363	0.348041244	0.402045071	0.753002725	0.811427042	2.958340987	4.844696819	9.73741003	0.883056187	0.54940761	6.781058657	8.719912963	9.450873581	56.85204168	30.96725213	69.14027863	11.41046954	13.81358548	13.02148969	13.85272281	1307.725898	0.089176511	25.83731497
0.917565625	0.888681171	0.870409031	0.171956594	0.832948251	5.185377653	4.329163588	1.360420302	1.703711501	5.601774475	2.880099505	8.083901821	20.08716915	887.6343224	0.961938648	0.136268225	0.041632956	0.037012953	0.193584515	0.709051505	0.394544229	0.69106171	1.534200431	4.200437215	8.212169951	0.945286093	0.875621444	2.379800592	9.427098927	5.01622326	53.00953151	30.30000372	69.74214717	12.46024957	12.62329441	11.7824308	12.71341922	1378.937896	0.094142151	12.65647172
0.904630052	0.801214046	0.890609375	0.144160325	0.849652514	3.997218852	3.089409849	3.016143992	5.093365778	6.378267831	9.0130902	12.11092516	68.46571105	943.9600887	0.126707122	0.170878826	0.044338917	0.033793408	0.912590398	0.273514075	0.773825968	0.132926827	3.049248757	3.87566122	11.97361468	0.583323488	0.76000923	4.620920535	7.75910367	6.011478703	56.18955443	30.91178708	67.33140653	12.80559248	14.97292976	10.1852807	12.95319061	1359.46874	0.120382966	40.9151499
0.896352883	0.819330369	0.802241757	0.092832298	0.887940599	7.039886859	9.368296087	1.018433402	6.349416243	7.961733053	7.873203757	1.961365047	52.84740768	842.8291158	0.674820143	0.651840639	0.064075876	0.002231296	0.293429895	0.922799	0.684176349	0.438908998	4.246404199	3.442258299	7.790358877	0.824434365	0.551448336	2.236250349	8.864174554	6.750078449	54.55158565	35.72268711	67.36436484	12.08381326	13.90676743	13.73629674	11.30442029	1417.161569	0.121875465	4.250107132
0.820018671	0.935824104	0.884780027	0.169525126	0.872181229	7.53631258	7.650968958	6.229970165	3.522100053	5.383134713	7.343956862	7.694328753	96.58261244	564.8872381	0.897034959	0.459925234	0.058566424	0.004413951	0.644563077	0.953487319	0.108501599	0.720435267	2.760129754	2.59042044	8.991704133	0.97420505	0.558065485	2.483182994	9.060499915	8.802267836	55.51418852	32.06935555	65.02601747	10.13757815	14.73799042	13.6942902	11.07319079	1304.247844	0.065495246	81.29195406
0.805564759	0.937622533	0.914670688	0.05599044	0.920101407	9.444082462	6.355908482	6.629746785	2.479440695	1.816144011	2.504789632	5.249410029	114.4067734	808.3590837	0.104807768	0.746794724	0.081874045	0.003760425	0.145455898	0.209828712	0.669270341	0.284670015	4.196715966	3.515664844	10.35043651	0.57662532	0.577888626	4.800475131	5.591863446	5.660931486	55.78254565	30.10491446	65.62186652	12.72787112	13.66518435	13.99922522	12.08451139	1379.977886	0.092279499	81.96368067
0.823265925	0.801887455	0.882386988	0.130896525	0.895436397	3.599395321	4.855681423	2.919889077	4.368841821	2.224547249	6.1438348	11.82247167	84.22311994	500.9190376	0.435071084	0.82542754	0.007474532	0.077659416	0.832137963	0.692967728	0.354421781	0.927138772	1.088689524	3.791815713	7.337490815	0.897497837	0.544958908	6.603071125	5.912862412	5.457846293	57.59843952	33.26164092	65.76022396	12.04695887	11.63462904	13.16089117	14.28763086	1286.18615	0.096975331	88.69688466
0.829172621	0.855858405	0.808585079	0.084065377	0.822668732	2.483511024	3.854953034	9.741534071	3.886997476	4.44325163	1.12270763	9.181993779	33.44254748	479.4665724	0.776114343	0.575332883	0.088510123	0.055162831	0.981869272	0.288694305	0.633750506	0.872973616	3.360056799	1.448108146	10.99541683	0.612978777	0.63385774	5.508249782	6.70521871	6.260986971	54.2193875	35.35723634	65.43530249	10.17517329	10.75733458	13.37081974	12.79322043	1315.085129	0.092123942	74.62072428
0.802331782	0.882203307	0.859578689	0.107671903	0.861609349	2.36322944	3.412408005	9.892673151	6.073693724	5.431164613	1.695757805	10.68192781	65.84238393	927.0901722	0.227425939	0.842721637	0.066794313	0.028766558	0.696785452	0.541553501	0.776762617	0.72721933	4.30382676	4.509113297	10.43649241	0.741011091	0.580262517	4.794577203	8.087499041	8.950184353	53.42751061	30.68071796	66.11484803	14.33026558	12.41819144	14.75950522	10.68042391	1395.554555	0.078517984	77.43426657
0.844808778	0.842998445	0.935876584	0.137338364	0.885530943	5.056298787	5.541148807	1.606873462	4.629331978	4.838607416	3.797455759	10.1061624	79.96315687	468.8724838	0.758059901	0.401317107	0.077562776	0.087872651	0.570518342	0.62072985	0.511986644	0.969754452	1.591380925	3.67163705	8.012370257	0.851225199	0.947244611	6.418170819	9.697907455	6.98679032	57.64764611	30.81264693	67.23472294	10.66780285	14.23227958	12.7767517	12.50322654	1314.133667	0.06309393	82.81651436
0.933899194	0.825220632	0.833134359	0.142706768	0.837885687	7.279431685	1.480433707	2.689304085	4.984587544	6.273467098	6.908487195	3.219863872	97.34034207	889.5858242	0.385883096	0.418996173	0.057930617	0.073880529	0.411917799	0.624346051	0.985895318	0.828967147	2.594381653	1.296777728	8.095819958	0.759029751	0.942187493	3.06924798	8.698734264	8.467981026	56.06112078	33.70623889	65.07939795	14.90551724	12.12857564	11.98882904	14.60955027	1344.603203	0.10811285	40.09870219
0.920077581	0.947243951	0.851968375	0.080509605	0.870345904	8.28880269	9.662986792	6.421092467	9.264355385	1.551052828	6.063527439	14.24091517	99.66019463	542.7605927	0.633569135	0.924091805	0.035070165	0.046256043	0.577478342	0.368497758	0.55416269	0.776076422	1.325673784	3.613911333	11.05829101	0.832478615	0.964365339	2.059344172	9.782088602	7.613244215	53.55262823	34.45601353	66.44480717	14.68767068	10.41413078	13.86573275	13.71933052	1410.213869	0.119991939	63.42568121
0.878327067	0.904692855	0.861496837	0.188458915	0.811269841	2.33032691	7.3327101	7.199181716	7.309496857	5.517270754	5.305575079	12.26542613	85.4433819	652.0225557	0.504720327	0.191532781	0.005903706	0.054310104	0.6849672	0.252810324	0.466117765	0.111631431	1.980703085	1.413099253	11.33203286	0.590971228	0.589387893	6.218111478	6.646970268	5.39594467	54.60336104	35.82358901	69.17529834	10.81315817	10.23227526	11.33537363	14.52824473	1368.140019	0.116332912	0.465595687
0.899796347	0.829662405	0.814430686	0.058744017	0.842131682	3.509427366	1.595072564	4.315807307	7.629599646	1.729535246	1.475754236	1.072092774	23.23101792	608.506164	0.198279328	0.107692355	0.039651956	0.076793786	0.598103851	0.477782831	0.930789101	0.565439598	4.801646434	3.256271828	7.483193085	0.944493044	0.595459945	4.899256315	5.733031154	9.033257902	57.7503496	32.6729915	66.55169336	12.87449951	13.49009613	10.30114151	10.9296961	1385.556837	0.072536595	17.9150457
0.827493098	0.862351641	0.947189631	0.053972522	0.903216628	2.200382433	8.618674447	1.336645786	5.564631385	8.841714273	9.494959252	12.77269465	32.62749767	702.2763525	0.904330535	0.440170879	0.04788087	0.033534496	0.517872853	0.190070676	0.601702502	0.635631529	3.25234619	2.634305658	10.72954257	0.77368907	0.908651153	4.149088522	5.674435038	6.69597202	56.94031893	32.82624446	65.5582052	12.76681801	11.97220774	10.58717907	14.97955748	1403.541942	0.079017951	18.00640324
0.873651095	0.814634293	0.910674916	0.135720098	0.848309512	4.742258603	8.255467178	3.73547912	1.123004723	3.074027221	3.165364904	14.15661174	71.85655993	953.2238668	0.620853574	0.293342181	0.029547149	0.086930161	0.238536436	0.570255161	0.4303444	0.213283787	2.748878423	1.527134093	7.096810738	0.532483742	0.951081377	5.644694574	6.859952475	7.837555384	56.81894299	30.29152264	65.24664693	14.0396537	11.3255143	10.94914595	11.58456563	1340.397871	0.105236982	72.39309325
0.869877465	0.873396122	0.815448136	0.054557075	0.848862689	4.657976971	9.753029806	9.53559729	2.228694488	5.665478136	7.896921188	5.386597484	27.51172077	291.2764834	0.140569752	0.186164667	0.001241979	0.083545541	0.941987053	0.174003498	0.604405184	0.225831523	3.810277326	1.89946191	8.815937507	0.778430834	0.731929519	4.685197552	6.983340372	9.582572876	54.54512187	34.736048	68.04404701	10.16063483	11.97804187	14.59917031	10.06593827	1335.483349	0.123736153	65.4413328
0.917809348	0.860407614	0.810110103	0.175999705	0.944663029	8.512416866	2.79881568	1.114304148	4.59852412	4.726438503	7.759383709	10.76570552	27.41686723	318.1749066	0.102644701	0.293413452	0.085928232	0.081863539	0.205488732	0.298993953	0.456280712	0.351022507	1.134453357	1.058244169	7.372818187	0.59255117	0.883410691	2.428582933	7.127575939	8.100198006	56.39304114	30.09667219	66.7431816	12.67120979	14.2289496	14.17141845	14.46429973	1315.537356	0.115766336	58.66312075
0.887011166	0.806621931	0.947460285	0.105560946	0.817044803	6.859267707	2.696173219	8.067629873	8.10750202	4.909256179	2.139834582	12.18579761	48.29000957	719.2024388	0.839494863	0.485843676	0.00659965	0.00744671	0.4545668	0.64495787	0.13407704	0.66595128	1.899909276	1.77223743	8.22021056	0.642013818	0.935499403	6.038582199	9.957662426	7.747972908	53.09279158	30.53024305	69.57296317	12.01063416	14.60560127	12.421469	10.57505532	1288.747416	0.067178854	7.247319271
0.827675026	0.814609344	0.904554102	0.074309349	0.866129047	3.726309468	7.800687719	5.501038154	5.792557534	3.188763261	9.362583843	2.504691254	60.7663792	352.2291542	0.71094399	0.884973073	0.075188046	0.003149453	0.978141178	0.174853809	0.513161207	0.904107871	2.282401936	4.953813886	9.540186894	0.573402519	0.604389829	3.216100517	7.908305983	9.200617063	54.8450192	31.05980385	65.70008906	10.90206496	14.79722525	11.12658889	10.32317222	1380.296067	0.096032276	37.32297976
0.814162667	0.882930249	0.844594347	0.190244332	0.847097135	4.081678104	7.835444794	6.321215112	6.26385799	5.94854943	6.25001163	14.43075947	83.03990132	363.4991884	0.570660947	0.93265169	0.017011029	0.067664858	0.841619068	0.947191735	0.751596206	0.689713283	2.589147305	3.985379247	11.42925748	0.589196647	0.555529158	6.856160018	6.705603895	7.120206214	56.65283894	30.00315706	67.52431745	11.42133456	11.77387188	11.0173773	10.65496953	1403.208996	0.061010674	48.6494366
0.850356043	0.924745884	0.80312005	0.100920694	0.81340749	1.35013916	3.904666944	8.570162125	1.564054364	1.424816568	9.329057995	4.219744545	36.29957416	779.3774364	0.18742491	0.774835639	0.067753008	0.049314291	0.999072223	0.828269401	0.186434177	0.118935174	1.729597473	4.036108217	8.235770979	0.536783941	0.984857701	5.181192023	6.529407394	5.121621864	56.1815871	33.59617082	69.66336758	10.65578692	11.79628675	14.42534889	10.1852482	1410.974236	0.08638648	41.74369864
0.920695138	0.852140857	0.902981479	0.078169864	0.83483343	8.973544985	7.517246471	9.549659274	1.403841112	1.276824386	9.098358492	10.66412248	22.98676464	493.4039219	0.652200169	0.277517774	0.092704379	0.026094598	0.891859867	0.368024946	0.430798934	0.659269022	4.317524569	4.544092159	9.081343485	0.563826533	0.506581792	2.00496345	8.653371837	9.284618407	55.96227728	31.05546678	69.87865284	10.43755056	11.97744332	14.23994332	13.93544492	1296.353369	0.076738151	12.20693679
0.829998744	0.806275077	0.80900095	0.079194875	0.818663841	4.459482078	1.933833408	3.368593534	2.904634548	4.456118974	6.843194211	14.61605934	67.64500575	943.5328531	0.472057165	0.411928384	0.027009568	0.02663527	0.17156472	0.901323898	0.501215698	0.703911554	1.347005023	4.059530296	7.438961706	0.95928738	0.523113533	4.474200817	6.938833523	9.594397223	55.4640841	34.32289235	65.04015985	11.16038331	10.88137265	11.27463129	10.16452108	1323.119369	0.124554331	0.837289437
0.937542138	0.885465012	0.91727888	0.198881064	0.899688711	5.351142086	8.951592023	3.571097366	6.70117999	6.754871446	7.089562709	5.644343684	103.8008826	979.8590736	0.314449857	0.170793215	0.054549809	0.049097428	0.954656528	0.168393359	0.267919132	0.832811873	1.186446752	2.189010181	10.6905199	0.789203568	0.626474562	2.926063625	5.442432611	7.047078975	57.63874908	31.49674517	68.09588262	13.93563025	12.06448839	14.42700597	10.01379367	1328.105364	0.116439724	27.42574742
0.826100423	0.922049519	0.908501596	0.110910396	0.852498193	3.81389128	4.271301276	2.822014151	5.815372806	7.969091688	9.46346277	6.022778577	39.37066426	314.7529434	0.386594679	0.491597181	0.064863169	0.014727654	0.387275349	0.385093793	0.362225634	0.122577166	2.961939939	4.355325636	7.602055572	0.52551504	0.708646951	3.917000098	7.005083424	5.143655077	57.76914534	33.6376761	69.84994417	10.06095185	12.32951987	11.59469195	14.79437121	1364.969341	0.103258665	0.959074877
0.858697886	0.830966393	0.801996626	0.081207128	0.899809902	1.078460611	5.98118274	8.956871818	8.783192772	7.018980852	5.440908631	4.466721717	93.67258041	625.5153285	0.15845577	0.100358024	0.049920258	0.03150973	0.558373211	0.195373871	0.527741469	0.833269839	2.857698099	2.714480651	10.93066951	0.506574311	0.798396583	2.177744454	7.451020984	5.878192097	54.67544762	30.37594693	66.67812886	14.13127517	10.855476	14.30048271	11.35858038	1364.249589	0.123821963	22.7828274
0.84610368	0.921604942	0.8302553	0.059519573	0.941887596	7.192448006	9.000346911	5.727881529	1.534635427	5.066118688	6.53330864	12.01524902	52.80662298	836.142724	0.440250338	0.832295431	0.062937812	0.019311968	0.416368553	0.125360808	0.718373211	0.142600787	2.25868309	4.023540842	11.57502018	0.678464489	0.762488464	6.733183214	7.063542403	5.287577321	57.55608759	35.37028456	67.54497344	10.23923248	10.19899612	10.88540916	10.04429102	1417.241489	0.067989765	27.1588839
0.847446194	0.918889269	0.824768221	0.110321146	0.824885373	1.246599929	3.380058636	1.589884675	4.399329627	9.726920656	4.77791623	11.79063658	27.6741275	677.4876282	0.456593125	0.343171161	0.052401774	0.058093309	0.823587006	0.922837292	0.664858357	0.25297819	1.088382027	4.967146959	8.998992266	0.5183452	0.61370452	6.975169852	8.530422638	6.344982002	57.81481259	30.80809825	66.62514573	14.69570761	14.92631423	11.10368187	10.62316234	1373.174508	0.068877992	42.02989242
0.808299721	0.845721562	0.84759034	0.071758897	0.908181756	1.759233309	5.933869959	1.051107203	1.191128117	9.583526414	3.269453145	6.052788116	72.73860256	381.5173833	0.399092821	0.91151836	0.065982589	0.057686167	0.321467008	0.467922245	0.876234438	0.96283251	2.848487274	3.978759499	11.59465639	0.704225488	0.555802896	2.106184454	7.526648634	7.606426833	57.90625906	32.97999125	66.46645829	11.6563266	12.99303594	11.62377569	10.27227003	1389.143269	0.122676353	27.64328441
0.848548133	0.937775942	0.910745781	0.16981808	0.82675413	7.965321791	5.657119362	6.559561466	2.947224647	3.385259029	9.657168061	8.110506902	68.70983136	264.6510022	0.2957846	0.119017775	0.071053935	0.02349202	0.539664259	0.746248307	0.787784399	0.471299847	3.250926912	2.773547055	7.095654039	0.956572764	0.503763583	4.036468285	9.640787677	9.919590496	53.69909922	32.84766018	68.07693561	11.34012364	12.32325386	11.69813292	12.15405855	1282.797848	0.106875356	5.453765596
0.806409529	0.800970293	0.877154262	0.095776694	0.935587325	9.366141408	1.779884369	9.916828839	7.978133993	6.972349347	5.769244967	7.619671775	22.12080726	333.6070881	0.399702994	0.348430986	0.077408297	0.0969661	0.532047968	0.837304839	0.118800232	0.357495951	4.178051607	4.446460301	11.16074274	0.516615615	0.63101301	5.115974263	7.360362285	6.379095534	53.93680183	30.2468117	65.25759016	12.62598357	10.68902109	10.68042237	11.5809081	1336.215122	0.104363432	20.84809863
0.868916318	0.929569799	0.807861762	0.183627759	0.853987473	2.319986779	1.770803871	5.764882268	8.173431614	8.222855779	6.400316517	14.7543554	96.04523471	550.8720485	0.461623273	0.641991661	0.092296022	0.074215381	0.531450467	0.516294458	0.164957369	0.545416016	2.22070633	2.622094117	9.946009231	0.888635455	0.611745805	3.785043715	6.899071094	8.403533978	55.3967292	30.00746109	69.37725569	10.17626434	10.59769827	10.996594	10.2504126	1312.189465	0.098263073	0.185257655
0.915671695	0.904793299	0.947114103	0.058795499	0.939282101	5.643702559	4.790791807	4.799464003	5.712222248	7.560834741	8.935754412	3.209157486	23.41174309	668.9306895	0.426089049	0.527238507	0.086350923	0.007209149	0.209335474	0.663584682	0.967916019	0.228588353	3.284997162	2.200338931	7.249783822	0.896076496	0.732185795	5.955436438	9.855609043	6.090868167	54.09971306	32.4227567	67.54274114	10.17321377	14.89982461	11.17460903	12.44011068	1302.218973	0.083020159	34.82323823
0.810933028	0.810925319	0.939687978	0.115033479	0.92498623	2.842852745	6.465187404	4.77558953	8.031325445	5.445686403	7.472375848	10.2599648	36.11287644	618.7660421	0.493837746	0.217821928	0.083978821	0.0455103	0.117818182	0.307791627	0.309835698	0.272283669	2.581458673	3.721793147	9.211074212	0.559468693	0.779279396	5.062632853	9.676014404	7.689552709	54.15368712	35.55326966	68.13001365	11.5022483	14.2590276	11.15616976	10.97410352	1338.09721	0.128723445	18.30924669
0.894954996	0.93382873	0.824377477	0.083140371	0.939206488	1.125764015	8.331235249	9.878317834	1.276077656	3.938355138	1.236277708	10.70170443	97.99442005	647.395694	0.425382083	0.967015788	0.055102114	0.002094122	0.179869778	0.260357449	0.145966919	0.742277426	4.295092413	4.342302706	7.496319798	0.67583164	0.859420609	5.496878591	6.884608317	9.047857168	57.07890637	33.01647043	65.46972775	14.0462883	10.11390904	14.70499758	14.42392244	1381.072756	0.112729023	85.16399914
0.900629809	0.801051738	0.864173382	0.061553683	0.804305779	8.636722174	7.318585612	8.958569982	1.35477649	1.546631752	4.066442927	13.42740332	30.67167369	771.2728453	0.764287916	0.883332223	0.099217067	0.025231491	0.661234043	0.322297556	0.686943287	0.312707793	1.6517501	1.30430745	9.413604585	0.895264483	0.967574721	3.24603052	8.755124636	7.107975465	53.92424802	30.11988714	66.05444028	11.26326821	10.26974591	13.64641916	10.66018296	1384.209638	0.073676663	74.86399854
0.879638012	0.861272315	0.841928959	0.133643582	0.84402661	7.419583567	1.477235283	3.821552887	3.812363362	4.908080702	2.42186657	6.137317104	62.1940686	441.7842691	0.32316734	0.392759624	0.086963565	0.005358216	0.227641322	0.971217681	0.871815241	0.559020849	2.56655313	1.390521171	9.4534576	0.620584056	0.74626758	2.081262019	9.751823305	8.964797004	53.09435313	32.80309739	65.87449425	13.65530041	11.53419858	12.91427247	13.92315723	1358.077621	0.077503121	56.85641461
0.910841121	0.801007191	0.942959798	0.095328116	0.834209631	2.781350151	8.434206915	5.003859508	7.206398418	8.481006799	3.319420531	13.74708412	28.07454217	957.0577827	0.449274505	0.43370352	0.079830121	0.046505531	0.282032547	0.188094446	0.402567156	0.826669141	1.078163527	1.016822344	7.885110251	0.74829924	0.521804743	3.678069339	7.151813689	5.154753202	56.69819	34.81666027	66.63961315	11.99680866	10.03395812	10.68606275	13.43464518	1377.005366	0.075332237	75.9724619
0.876613172	0.922885842	0.848912505	0.053076181	0.817761078	3.25398637	4.54067566	6.419637133	4.334179113	3.219613586	3.134922743	13.43318234	83.09621499	926.5553932	0.977210426	0.727357431	0.056826172	0.010630174	0.978602081	0.887249965	0.742045817	0.430369099	2.002045876	2.478221762	9.219369791	0.629235354	0.598289598	2.858487566	9.272860672	9.14366186	53.43475998	30.58453152	69.21647066	10.14504066	10.09221009	10.92033182	11.83023343	1301.078459	0.070313312	25.46647575
0.804626961	0.825592284	0.842079487	0.063038738	0.818981564	9.600909016	1.10255219	7.532874769	4.42257406	5.387566935	3.404809272	9.776441482	24.31786999	933.6987069	0.616782362	0.598620013	0.091001917	0.022996389	0.423164045	0.650358565	0.660985657	0.162882223	1.400927806	4.022889177	7.029605344	0.614515147	0.950435942	5.641355213	7.378972966	8.236505456	53.43935038	32.4027909	67.13073953	13.57629795	10.55198364	11.18718931	11.20430725	1414.320738	0.110044779	74.49165247
0.87799334	0.816026278	0.89880726	0.069367332	0.924674944	8.821015631	4.429166949	8.670203802	4.805886993	9.352976411	1.396076547	1.872377553	46.20064334	938.4494753	0.779971207	0.114631088	0.030321096	0.073429908	0.606772497	0.702438814	0.29008755	0.600253054	1.836671519	3.170542892	11.08974841	0.653128797	0.565403078	6.441831558	5.929045378	8.61701637	53.64867302	31.45958025	65.30639863	10.19506907	11.27523821	11.43452289	13.74278195	1401.822003	0.090316908	55.27851181
0.872462872	0.813673401	0.874590211	0.124527098	0.837920149	9.482389652	1.637561801	7.19309056	2.631131993	6.674345185	4.583371521	11.26460837	25.9664551	998.863839	0.222345309	0.887730755	0.046416161	0.022385925	0.389977888	0.576035547	0.77525491	0.2290676	4.452192373	2.804601596	7.331890264	0.839889552	0.587367004	2.543716284	8.392435512	9.677841661	53.23475188	31.39915329	65.88969384	14.42164659	13.37072466	14.17074901	12.56773846	1400.868995	0.071688041	16.56582167
0.93939659	0.824098872	0.886810372	0.17759414	0.896042476	3.744269607	1.166154649	4.816248611	9.883695689	9.118189096	2.919158903	5.755060263	35.27075327	811.1361702	0.667209479	0.147178598	0.060287384	0.047199217	0.300141345	0.983005662	0.175752748	0.802398869	2.085476172	4.904568807	8.447147533	0.5688269	0.545297088	4.653862155	7.273668932	7.101463964	56.78914781	34.62088971	69.60463311	10.70835327	10.69116101	10.14536084	11.58735565	1320.375424	0.060087995	38.28421145
0.810290169	0.802153094	0.906912683	0.176808737	0.933438742	6.206285327	4.619284745	1.271223149	8.015468951	4.720586865	8.107144677	4.209755104	112.5501258	746.8774223	0.891537672	0.259660808	0.026515872	0.03667381	0.584410068	0.408504816	0.417312061	0.626254444	4.621269683	2.968358667	11.79033665	0.88371162	0.98615799	4.08769724	5.173787843	6.377311408	53.11927665	31.98084513	66.83316071	10.06560437	11.07383305	11.43993737	12.09771187	1324.210321	0.081327927	75.88637947
0.942945975	0.822768944	0.914866001	0.065749503	0.901048762	9.570077633	4.089546783	5.730439147	2.851766467	2.989047011	3.35314013	2.126867117	82.99287684	238.6092259	0.32386965	0.453871299	0.05368175	0.046175945	0.240602644	0.854927727	0.690955101	0.717798661	3.828683185	4.702629898	7.609834569	0.566874661	0.924602434	4.367355118	6.057638976	8.956374293	54.19950177	31.59827796	66.30621165	13.33996254	11.9207465	11.14255681	14.69959492	1414.816808	0.089169638	88.34553873
0.926458646	0.876910558	0.942567521	0.102408916	0.905812167	4.59176764	8.734026951	5.063409879	1.953761411	7.978633852	2.30854678	1.748982729	102.7169632	443.5281719	0.720901495	0.619648039	0.021268562	0.030595231	0.634713756	0.924125365	0.986584333	0.421816164	3.958146763	2.642697698	8.278501476	0.639167258	0.865376481	3.310780161	7.536348304	9.557299465	53.48582572	34.59157004	65.82043581	10.1072621	14.24646841	12.65727407	11.73858561	1358.234258	0.09081632	86.86187861
0.84876568	0.862692335	0.82795473	0.172471375	0.924763412	1.75418935	2.961244211	7.311125427	1.611878356	3.473557097	7.469877213	6.272053199	72.79828306	538.4708643	0.856319576	0.890277312	0.02327413	0.094377762	0.800467551	0.138186334	0.123397791	0.633138231	2.207909564	2.441086712	7.005334994	0.558256873	0.54335209	2.245955147	6.013669536	5.423967974	55.90189007	33.20340777	69.40210783	11.30008114	13.8749886	13.92795001	10.84689182	1411.057839	0.077967312	73.58518467
0.947068804	0.871568362	0.811818114	0.057484621	0.873070948	7.508015285	2.325252268	9.614209069	5.63201589	1.589915121	5.402559326	7.649918934	36.32158826	956.0633731	0.308606144	0.825518322	0.05856921	0.004539252	0.545344859	0.539151259	0.288702135	0.671280887	3.318863241	3.491241691	7.216968534	0.884249495	0.765227547	3.939614759	8.087011819	8.123288226	54.55116196	30.77417772	69.02979586	11.16745614	10.45639578	12.42988943	13.57119595	1375.722606	0.109583338	12.51967026
0.933560719	0.816548571	0.877001723	0.091721753	0.811839657	2.384717512	2.147028391	8.515407415	1.027861645	7.994402872	3.375766626	8.910188303	42.57040315	846.873253	0.682017146	0.317464133	0.040855333	0.022232013	0.898572683	0.114130932	0.668739312	0.928174587	1.118539137	2.577537079	11.65989537	0.91073278	0.780873324	3.494409597	8.703000097	5.402993088	57.67149671	31.54762892	65.53145167	12.60202728	11.1355196	11.49510249	14.17977348	1372.301679	0.073107382	62.09077813
0.805617886	0.849236562	0.903669808	0.124281521	0.9185932	7.106383245	2.244317221	3.73430321	9.910802976	9.961914174	3.58758463	1.701704432	95.07323424	785.7445061	0.593812737	0.122303052	0.081417182	0.070472005	0.439245534	0.387046998	0.222295716	0.823319988	3.796278531	3.134975642	11.53866692	0.620847958	0.52486224	2.937052758	8.24652727	6.206521269	54.32522686	34.36476697	68.97584412	10.5454843	11.7848599	10.17019922	12.2040806	1396.435972	0.060192258	46.52503824
0.876102518	0.811560493	0.812489924	0.173288922	0.903038374	7.340795515	3.114758668	8.778817408	6.535803827	4.737201092	6.623201873	2.847963514	21.45669449	661.4011258	0.816363727	0.304706756	0.012021077	0.004517818	0.478033256	0.41422163	0.348890568	0.636057587	2.197304654	3.60570837	11.2639931	0.972854946	0.990021372	5.154724529	5.16803901	9.390466321	57.99330174	31.16378926	66.66709505	13.90885219	11.40388245	14.51055934	12.62986769	1390.244678	0.121176571	82.9158752
0.844958048	0.8506384	0.944058789	0.113440085	0.813373155	1.695700091	8.798520427	5.515603916	1.940727764	6.405652318	7.296455881	6.408352726	55.5970363	749.2561886	0.281272098	0.217442182	0.088966039	0.053129105	0.347840375	0.19342313	0.173925181	0.515432381	2.990376378	3.487748919	11.99682835	0.857892507	0.526572756	2.223052741	9.205354667	8.136544088	57.72046403	35.71083179	67.7298397	11.01696682	11.21726938	14.20709158	13.6408703	1366.166695	0.105405811	83.36267945
0.804653055	0.860514175	0.940966973	0.078925487	0.909980583	4.196818616	4.817858564	4.731211391	3.740514013	9.737928279	4.071586679	1.806967146	102.8287168	877.9095462	0.186624426	0.341423599	0.031251935	0.029440759	0.787466891	0.349306216	0.320848371	0.554817064	4.363586138	2.559900139	11.80658419	0.548278485	0.82328422	5.529628159	5.510210653	9.676062797	53.42255066	34.38807302	65.02642464	10.04872298	13.48511136	10.24981712	11.40245321	1359.230872	0.065975825	2.065504726
0.909888638	0.827849734	0.935659165	0.113276056	0.94733651	1.098913628	1.720339565	3.459178563	4.344091006	8.178049337	9.803810576	1.296219578	56.67662874	954.3400693	0.975711357	0.977572122	0.038537083	0.002252035	0.829399473	0.621618305	0.262769183	0.185459975	2.687926697	1.056353807	7.262237796	0.816672879	0.642598867	4.93010675	6.622745753	5.007012355	55.6011913	34.91869989	67.61237747	11.59229022	14.05249514	10.87499275	14.47072955	1340.416235	0.113806343	21.70096915
0.944478943	0.911765249	0.949819676	0.183062	0.925341224	9.082174747	9.535636776	2.326371672	7.482114338	8.852565715	4.901896516	7.92277469	83.13098846	866.8079845	0.186381055	0.100455094	0.061925363	0.011445853	0.585380395	0.373785139	0.338760586	0.26863133	2.039318327	1.571636935	10.61699424	0.615456488	0.567378015	2.898373731	5.529759173	9.423616684	53.22061837	32.05452508	67.51752797	12.46441475	12.73695553	10.3192735	10.56091167	1332.443932	0.100132421	56.39657875
0.801672955	0.817959999	0.899067459	0.199130442	0.813326895	8.397434344	2.158591511	8.94013469	3.308159959	2.345331381	1.301965264	5.460868321	24.29504017	310.6799114	0.567887505	0.725595205	0.003196558	0.068505823	0.467265807	0.731276167	0.261554515	0.349949558	4.521855867	1.540862611	7.271948117	0.534623252	0.523813854	5.403285529	9.203189857	9.089207337	57.10169441	34.54094978	69.53382543	13.90533571	12.26567079	10.5978779	14.86947137	1282.844236	0.129789016	69.64333909
0.917198047	0.903182192	0.933899833	0.119908301	0.898334813	6.879250447	1.166920504	1.579863312	8.317818494	7.681114176	7.031063106	2.308803239	38.23685711	717.8802122	0.263756512	0.887122971	0.007327321	0.011235919	0.704960585	0.551583968	0.941024779	0.48499837	4.829402558	4.776236363	8.807771576	0.842210192	0.886132472	3.065167288	5.431636456	7.419052738	54.2579529	33.0780558	65.04402254	12.87330305	14.98750879	14.89354858	14.94476162	1383.234448	0.091404274	10.20851497
0.873403253	0.87294224	0.800267713	0.1766768	0.917513186	7.609806254	1.896459777	7.879134176	5.972115922	7.164742783	7.455767397	3.423435453	34.98679092	234.6320009	0.201427751	0.997258794	0.015636721	0.089749688	0.686532587	0.178387715	0.436561357	0.209074844	1.28825784	3.349133962	7.086760023	0.814537177	0.989653476	2.644409174	9.953690908	8.319321684	54.40759427	30.34026626	65.34570744	13.16528065	10.73191675	11.21439421	14.25521421	1325.792252	0.108990799	9.105880067
0.921607208	0.812531499	0.90447704	0.17049707	0.843974294	8.921869945	4.306098461	8.721193748	7.830321694	1.153836565	7.384537549	4.110074391	60.58128042	668.7569842	0.348599141	0.787087942	0.007828238	0.008220965	0.339164606	0.888800665	0.618695002	0.396556933	2.385100898	4.995294875	7.262699478	0.828964495	0.641672025	2.186996554	5.430221096	7.782497261	53.12829261	35.71354409	69.78870659	14.22431845	13.25009555	10.42245706	12.56685333	1297.604654	0.083295895	21.06981758
0.934424766	0.931099683	0.86677454	0.063363311	0.81695873	5.810326696	1.683601417	1.112446144	2.548414945	7.32584844	8.051468246	1.594349178	47.47035266	283.0971397	0.117644703	0.126781532	0.045909148	0.01526446	0.978632331	0.773515213	0.383191149	0.793823053	4.346571546	4.83041291	9.663074823	0.749654777	0.938939573	4.84478522	7.101975564	5.41266724	56.178116	35.38020333	69.75682863	10.00048938	11.44992695	10.18984916	12.42716303	1298.209026	0.100704779	89.82981968
0.820566395	0.916512173	0.818802587	0.121939227	0.898189474	2.540108495	3.502693569	1.996100118	1.629034082	2.737265487	5.483777878	14.524722	85.90550872	194.9501501	0.121825398	0.16558735	0.077685417	0.081931505	0.944555059	0.66663642	0.15324423	0.92250637	1.185276549	1.276129186	11.60490002	0.60216608	0.88807202	6.751968821	6.784448244	8.689609229	53.2199725	35.32616238	65.28533716	14.90459621	14.88964307	14.52317697	10.50655144	1388.8818	0.120528165	20.56098632
0.847678108	0.88998022	0.898686823	0.159590511	0.805161039	4.034542264	6.167176826	8.512455368	9.108165988	5.690409526	4.66565997	1.769610571	40.31240347	920.1067301	0.124317664	0.857691484	0.009559232	0.08319114	0.883490661	0.181460337	0.852451399	0.213199136	2.022289953	1.142020675	7.066597618	0.523256277	0.558290856	2.956225603	6.600862885	5.986198642	57.84155724	35.40864841	67.29419339	14.44223099	10.77406703	11.03656365	10.05308767	1387.104714	0.125141774	68.92170576
0.862698565	0.890537346	0.823572861	0.119002846	0.895045677	3.33908948	9.495650213	4.309804947	7.885204225	3.501217594	2.258463931	5.744823706	70.82843432	607.1609147	0.270990748	0.209184844	0.058378822	0.061830892	0.919435737	0.288500594	0.351640307	0.159818487	4.98254114	1.038971905	8.708916332	0.896145484	0.872605064	2.882538335	6.136918012	5.046718692	57.6480264	30.20547676	67.05774275	12.69606215	13.46102116	14.13029886	11.66797694	1280.066938	0.113017911	2.870485474
0.896545887	0.930887825	0.912403829	0.169075602	0.940693351	3.512467919	8.893342398	2.387335553	9.584015375	2.762180741	1.483004226	3.115412506	33.56763316	167.9558612	0.39689138	0.848797322	0.025903759	0.082772482	0.368578909	0.284064535	0.101688285	0.981076839	1.026282282	3.437298634	7.486324229	0.524178615	0.75405314	2.387600003	7.43003488	9.422214808	54.11661493	32.03807773	68.45809796	11.41814205	14.95926836	12.93050627	11.01744657	1324.026481	0.066767741	65.3040475
0.810258484	0.893098279	0.931712454	0.184073294	0.801616055	8.797054471	1.515033064	9.725185626	2.599582206	5.056629916	1.257337643	7.05650033	62.55664113	205.5899306	0.880207581	0.853156746	0.072270812	0.083812519	0.980488231	0.272551159	0.187663786	0.439360891	4.82726137	4.831198618	8.778848588	0.567780007	0.772088914	3.037950936	6.877840674	8.082831006	53.26582982	35.92814058	69.15580052	10.725499	13.73190934	12.5311017	14.67763011	1294.953932	0.068803418	5.028688822
0.905398334	0.941498294	0.8845127	0.082995715	0.814523185	9.702022635	3.375284954	3.545891584	9.933250804	8.840977376	5.153240958	4.260270718	28.09654751	188.1359239	0.109299848	0.503136987	0.023803735	0.044309987	0.975654555	0.545784198	0.124225717	0.791516934	3.914338126	2.62634115	11.14243991	0.692778266	0.685033332	2.095746076	6.400367997	8.838851638	56.7825768	33.17505388	65.48637414	14.92648029	10.15613731	12.74199579	11.69487307	1415.344874	0.098449855	30.56322254
0.924603705	0.945113879	0.927607612	0.142569307	0.924827746	5.231514197	5.677784543	1.705624232	5.783534479	6.819665367	1.847381932	2.213081251	86.18741299	983.5658306	0.657121614	0.152105652	0.060708137	0.030957496	0.213635205	0.933623112	0.399948212	0.459581695	3.614545057	1.359789129	8.505650149	0.602098952	0.794370609	2.240253752	6.449746127	5.009631164	55.54761866	34.30687606	68.46044257	10.18606782	10.57161118	13.53736564	10.6756836	1308.073927	0.074963422	76.52575133
0.886528643	0.930532782	0.885538133	0.152569415	0.901844038	6.280700367	9.663004137	9.234669928	3.278089123	1.456016207	5.31167749	9.675957612	56.84556923	331.3738921	0.451674221	0.556915657	0.001445253	0.086988166	0.110503031	0.469121779	0.240325399	0.246098983	4.812827772	2.141056189	7.051234233	0.560737656	0.935085642	6.806315871	8.785511678	9.99639272	56.3920842	31.62810352	66.84929453	13.47679035	10.63543731	11.05907994	10.13607901	1406.059633	0.07669096	31.24834123
0.840445313	0.861424215	0.931202407	0.159152204	0.821774989	6.813024248	2.441609261	9.672228045	3.871498423	1.733983286	4.031065034	1.430196669	47.48282829	619.8910491	0.167746426	0.405679595	0.005492743	0.041279444	0.31852701	0.416414348	0.565979097	0.33695266	3.366919556	2.354086399	10.7392684	0.919622503	0.504178399	6.985882195	5.623199653	5.475717869	54.8675384	34.53238789	69.35007106	11.74851747	10.58737869	11.29822706	13.94263673	1286.051822	0.069133969	49.64049695
0.874862562	0.852561383	0.846183262	0.170566332	0.909426003	9.392567665	2.076811041	1.393507573	8.750609009	6.248084724	2.405317297	11.37772749	33.20543002	828.5226916	0.604420208	0.416441878	0.070283015	0.086277813	0.725662674	0.861458326	0.907610752	0.322087126	1.640863328	1.610963106	11.35828128	0.811735467	0.944796378	3.088199971	5.151662648	5.677499384	53.01030665	33.66566449	65.10813097	11.37920933	10.35364806	10.48676629	11.4085286	1394.274305	0.063029011	45.92403742
0.808197234	0.811497912	0.870836968	0.194054278	0.907527122	5.492777544	3.325286938	8.858545759	5.120627683	3.120216968	3.186015371	3.426754647	21.96544369	970.8482252	0.764628916	0.858152784	0.043169706	0.0772588	0.98183563	0.957380774	0.787213473	0.338079937	2.265018792	2.834657681	10.75075135	0.553786902	0.942200481	2.374551333	6.045599038	5.843608152	57.5191827	33.07488306	68.82541912	11.4663389	13.00661925	14.99778445	12.83785108	1362.041843	0.11931634	27.31313061
0.912004849	0.892610787	0.823971727	0.178341747	0.926388785	7.268549788	9.081781106	9.329279289	9.701245505	4.287670058	3.711444249	2.402656892	46.68876809	504.405435	0.166036144	0.907259915	0.019669194	0.035899289	0.112205042	0.253427986	0.372707228	0.849313243	4.850336736	2.840063684	8.853454104	0.692397013	0.741531298	2.549773645	7.680957532	9.033689991	53.77051868	30.86375168	65.20546101	14.37923111	14.35946775	11.90109761	10.77535753	1323.263575	0.067278109	81.64031875
0.851038276	0.931150503	0.806277688	0.089683128	0.827709716	3.281375044	7.957325811	2.485418121	2.185469501	6.477286167	1.546978706	4.773938355	44.77019324	646.9699937	0.975574869	0.867038453	0.050842862	0.020801274	0.927392183	0.941649587	0.178544644	0.563808604	4.726873897	4.724950749	9.876011677	0.592385414	0.953744343	4.376320702	6.143284375	9.907472262	54.60290572	33.38643274	66.79796493	12.32762498	13.8931441	14.7599907	13.01341971	1376.561258	0.105663914	85.02512907
0.927394663	0.841846378	0.814110111	0.188004695	0.923929614	4.950267788	3.117644389	1.152335451	6.465549218	1.938389683	4.308578391	14.75117522	101.4827487	767.1486095	0.344886812	0.710303326	0.083746289	0.001091553	0.425765073	0.109627955	0.702934361	0.224552674	2.11331426	3.195613354	7.433683954	0.978533801	0.601187843	5.75773518	9.18133648	6.52352461	54.48947766	30.64470038	68.45221696	14.97726373	10.16274016	11.45289851	10.08786254	1406.649663	0.07376791	18.0721822
0.896363783	0.819838546	0.88312322	0.122764299	0.8151906	5.07028051	4.849772704	7.892660835	9.059526959	2.802998355	5.504123992	12.2234765	79.35989355	684.3545635	0.104908053	0.918928531	0.026963547	0.016768769	0.369658738	0.319550746	0.141152667	0.185853805	4.107528745	1.585816467	7.913046437	0.515589027	0.599365058	4.799645661	7.278900676	8.186637226	57.67322363	30.70356447	68.81282812	14.23112365	10.64313724	13.62237081	11.94047416	1333.927166	0.124267283	81.08559848
0.935695545	0.927992027	0.804905486	0.0513358	0.938083718	8.514347463	6.438570216	1.221966814	4.509710267	3.906087932	3.844148928	11.51364016	21.24516483	456.5068733	0.4885701	0.793555707	0.012659523	0.07086388	0.310999498	0.343495634	0.711125523	0.310204475	3.274913667	1.488173826	7.682073594	0.599826757	0.826760017	3.600774957	7.452424295	8.920523162	55.95772101	30.9791322	65.5677835	12.3451102	10.93673325	12.99048209	13.84375936	1371.481178	0.069656125	47.9908286
0.91676977	0.894637528	0.947096641	0.165365331	0.831025657	2.394005682	6.331149968	1.951955343	6.991035892	3.135950654	2.192044901	6.52691654	92.55940272	558.9433144	0.198715497	0.532482608	0.032405557	0.009263139	0.758953848	0.672371028	0.211470124	0.717129735	4.757677573	3.383579798	9.360334435	0.903508596	0.60506058	4.519314981	6.773085908	5.567542555	57.45934646	32.35358351	69.51059099	12.43694868	13.26613199	14.89618404	10.9346372	1295.549787	0.061661704	1.943008475
0.932549166	0.937283427	0.834927152	0.068558417	0.912709701	9.579321888	8.011165318	5.171781836	2.439606063	2.582907102	3.784676041	11.10900875	50.67355671	920.6996463	0.143239756	0.126368919	0.080722521	0.054663512	0.705807496	0.392535639	0.119447302	0.393589766	1.294511641	3.712779022	9.016941682	0.500229852	0.658823907	6.736051846	5.837585024	9.482716677	55.03600633	33.43330631	65.4191417	14.17270166	13.7347463	11.65657208	11.13411451	1366.013919	0.069692574	12.08256608
0.853806563	0.836451768	0.893858052	0.117146738	0.939388929	1.10913332	1.34217158	9.99466457	3.978866224	7.349443172	7.419876861	9.720896422	36.47992554	233.1087128	0.772005261	0.570489104	0.0042186	0.03918498	0.990669134	0.317817287	0.168110242	0.628455216	1.918121201	1.491151034	7.617966121	0.527071788	0.776605796	6.626088788	9.319884204	5.114871353	55.19815349	35.85059582	65.76169741	11.39627428	14.93379744	13.63982143	10.38214505	1291.001027	0.068454308	42.00648138
0.803652692	0.932092692	0.908670232	0.199396209	0.859453679	6.402104716	8.787832266	4.009607631	2.054007643	8.541499072	8.204895393	3.960183877	23.5206277	156.893674	0.307702493	0.697728007	0.024462734	0.028959997	0.645886972	0.951704853	0.749820341	0.172936292	4.26766917	2.861620847	9.787897542	0.505271027	0.583876185	2.231740543	9.32085082	6.224545554	53.63483174	35.80517866	67.65420407	10.5059213	10.63927319	13.00957245	10.17831682	1338.853044	0.067865615	33.75663621
0.914285054	0.823965989	0.915345779	0.154336111	0.878343517	4.810328421	3.405697586	8.496142037	3.034934951	8.074279692	6.339231288	9.532496046	38.80095388	626.7731787	0.975181284	0.845489462	0.086558442	0.055222666	0.504811423	0.572945249	0.734998481	0.382630789	3.626038478	3.88186751	10.3191821	0.51623439	0.655480367	5.301672614	6.72445072	5.172357355	54.45863822	33.80500277	68.68980063	10.24171667	10.41962143	13.93815105	14.74262479	1377.498143	0.101018313	18.89104371
0.898114188	0.810019284	0.839603017	0.082768592	0.832019596	8.982792282	9.063446944	8.820120979	4.590743151	3.971263536	4.487043508	2.357298968	37.73056905	175.9899018	0.362830096	0.772398078	0.065600221	0.092115337	0.69691597	0.234630141	0.601253051	0.83891322	1.654734452	2.899494723	9.422398271	0.704472394	0.690543187	4.785261304	5.029427188	6.057436652	57.30407424	35.3968454	66.44963059	13.54683422	11.40926757	14.51620824	14.12731387	1410.744761	0.073417117	2.619606335
0.806967236	0.854763958	0.909561016	0.12034753	0.869870177	4.497624518	3.679839703	1.043414258	1.555109556	1.420608437	9.510496589	8.440129362	90.16953358	881.5627557	0.627534264	0.17172421	0.003114384	0.060198049	0.632387499	0.791294163	0.985355916	0.675664856	1.957197278	1.80855817	10.54105694	0.535210662	0.744257025	3.344433062	6.527094755	5.930694511	54.74617292	33.6808139	65.91645001	12.95221156	14.21554178	10.52902051	11.68558044	1390.898108	0.087989793	74.85635624
0.856763059	0.814543907	0.922453401	0.183737497	0.948812664	4.30820516	9.797996999	4.764629951	2.403877438	9.370490131	9.808329172	10.89184926	26.16940631	574.2685551	0.729139625	0.35957972	0.035929132	0.075977179	0.114721561	0.609601887	0.968413593	0.748657146	1.412598134	3.904408136	11.6458955	0.815691471	0.530141606	5.159322557	6.294561944	5.726814056	55.59692384	31.17662133	68.61935588	12.44037465	10.49421671	14.81581517	11.7876607	1359.444902	0.069221866	58.3049085
0.844728224	0.812671692	0.90774674	0.05507299	0.891911765	1.859238071	9.710725367	1.126888874	2.993333439	9.084813882	9.640073126	5.035905061	30.07327182	312.8958777	0.501926444	0.892563543	0.023861287	0.035927513	0.74495902	0.796909699	0.592538369	0.14717992	3.979555887	1.202272394	10.02742941	0.624961156	0.95471946	2.009892109	9.420140013	6.168861008	57.23632139	31.68945124	69.61076295	12.64180694	14.6110267	11.18941136	14.75549521	1399.762261	0.102274613	82.0818644
0.811883112	0.83357214	0.843639568	0.163491209	0.896970776	2.607436619	5.882968713	2.904264187	9.028072318	1.888995841	8.527522761	4.579067296	103.587415	970.0697209	0.415318582	0.420984971	0.024970784	0.009413676	0.736250432	0.17896438	0.27331968	0.644251632	1.036773818	2.07495172	11.98613234	0.525944884	0.72853184	4.090915282	7.901267777	7.530119291	53.25637681	35.99920595	65.02945554	12.68670599	13.75438764	13.81009798	11.94312071	1417.874694	0.1282402	0.625215464
0.854568725	0.800766557	0.841498078	0.056686065	0.880089662	2.502068168	4.108574874	7.437863795	1.084518699	2.182120446	5.917444714	7.895523613	56.76263982	458.5905835	0.102797387	0.139008369	0.072232883	0.019560296	0.788954999	0.340807015	0.992204794	0.39125927	3.174596516	1.388613876	11.31219271	0.588801204	0.84501908	4.025825897	5.85084944	5.523287836	56.45956654	35.05635747	66.89572698	11.20608272	14.59651076	14.02830632	13.10661579	1379.453682	0.117036393	11.68400888
0.882783389	0.886721034	0.832459513	0.118846744	0.837338036	1.293078799	5.586150071	9.867061752	7.337978821	6.250026911	2.316268113	5.36338431	48.67107096	249.7247087	0.852436602	0.258486354	0.048092269	0.089964037	0.864232154	0.606159659	0.70270183	0.640673153	1.012492986	2.536882557	7.76861559	0.936205409	0.756787349	4.547324126	5.553592907	5.061786922	56.5021482	34.12659458	65.82699768	14.9540374	12.61448262	14.41568929	12.75978198	1346.370498	0.101501787	13.51455023
0.87398839	0.826334143	0.824884527	0.075628518	0.860329665	8.935629998	3.459734682	1.485621784	8.726872421	9.888944055	1.514232156	11.13916568	33.52694527	686.8177833	0.309183425	0.717423445	0.02438962	0.088773501	0.739915217	0.526809848	0.408060773	0.259697164	3.953422389	4.416798508	7.411534056	0.73304639	0.613116193	6.797515467	9.754538921	8.27662266	57.549812	31.24309357	65.46840216	10.54784915	14.16755695	12.78492671	14.76333843	1362.686271	0.068367509	26.19725289
0.854090034	0.859514685	0.933195173	0.166006862	0.869796217	2.421330922	3.473923783	8.553578949	5.993964284	3.196000292	8.543596303	4.574313643	58.16303533	441.5839121	0.71046837	0.238149856	0.01253598	0.047231708	0.757852085	0.809495496	0.159899597	0.3905989	3.567455556	1.900985929	11.45721751	0.763653525	0.913382514	5.147101434	9.531036283	9.041152531	56.78762497	33.47856226	65.76311624	14.74507817	11.4374365	10.34452045	10.26449563	1410.542741	0.0675735	3.966658922
0.804821465	0.808223448	0.897268718	0.109325168	0.860066721	7.541848711	8.349700915	6.343612109	2.757603827	9.415806213	2.705575909	4.390833161	38.58238263	195.9923706	0.178599552	0.202235551	0.09041369	0.050833642	0.756491296	0.205958259	0.892609957	0.177487046	1.856712073	2.837572195	11.08702322	0.97775521	0.636219324	3.353784138	6.858754601	7.71529948	56.19422791	32.78503592	66.76680443	13.93812404	14.78555155	14.1432346	11.49392745	1364.847323	0.075987302	25.71731336
0.809890206	0.947986772	0.940894017	0.062665197	0.903710178	1.090972797	8.532532735	6.18447474	1.590097563	4.19401269	2.734031142	13.94025842	40.15501738	851.0543411	0.429167665	0.20184754	0.056274619	0.094355755	0.53753392	0.235430696	0.19346735	0.361608949	1.758621305	1.266029432	11.86185052	0.606737498	0.816299281	4.266599147	6.910988117	9.164200302	54.04791636	31.45540353	66.79306838	14.92597268	13.50169534	13.23163189	10.41212439	1292.186495	0.06327239	84.96013938
0.92316205	0.874859638	0.8001313	0.0657071	0.83279695	3.77868057	3.633232386	6.237747104	9.666906896	6.140452598	4.546253673	1.385027667	21.80143116	791.9745815	0.559950609	0.922075105	0.032846138	0.057327622	0.482185494	0.834409329	0.524909385	0.401871499	4.09916412	3.919381639	7.807277722	0.517417207	0.745146057	3.007781979	5.115644458	7.023345074	54.1985141	34.85904769	65.96769025	10.84482373	13.98804511	12.08667505	10.7280966	1285.675707	0.069621934	3.520198024
0.846993383	0.832647137	0.855775031	0.089009695	0.815594514	2.562526597	6.912605042	1.747945636	3.209033522	6.042225443	1.179476006	4.749266957	77.45866089	508.5996251	0.714662262	0.544628596	0.002308227	0.078512852	0.495778053	0.739557651	0.453851769	0.12112224	1.418410844	1.451041514	11.84693357	0.863708535	0.82050922	6.86328756	9.283666127	9.318854602	56.30449476	33.77188005	65.84730561	13.49328141	13.79939058	13.93580417	13.50297692	1299.870734	0.110502186	30.44213081
0.839885751	0.885000997	0.853589881	0.095561083	0.930307059	1.51065567	7.164822351	2.4913863	1.822550237	7.408419176	9.634530803	6.758474189	27.90831772	681.1147143	0.459772732	0.479128244	0.007211185	0.044017454	0.665023711	0.955422391	0.230803188	0.653677044	2.455543131	1.804416985	10.67465439	0.905788229	0.538323381	6.92193739	5.634971655	6.316735017	55.31572155	32.51815872	68.98864334	12.20808814	10.22898381	13.59018622	13.77035175	1360.388473	0.120618359	3.613154968
